69.56251
71.21339
63.94748
56.97051
51.76953
47.46753
44.62045
42.50576
40.23498
38.68019
37.02554
35.45317
34.41774
33.28431
32.62858
31.85732
31.4105
30.84399
30.44147
29.86943
29.43114
29.18462
28.66442
28.44982
28.15854
27.86421
27.69234
27.57446
27.53586
27.36964
27.23968
27.18856
27.16873
27.07197
27.05771
27.04787
27.01579
26.93122
26.86114
26.82815
26.71517
26.86941
26.77567
26.79287
26.85099
26.74702
26.83846
26.98746
26.9304
26.9589
27.0242
27.08383
26.99004
27.06053
27.07079
27.03781
27.0701
27.31663
27.15931
27.24323
27.25542
27.51039
27.44473
27.54485
27.51018
27.59684
27.61971
27.57189
27.70662
27.72743
27.72269
27.76337
27.86497
27.91398
27.96608
28.06811
28.23955
28.13614
28.16105
28.24154
28.42787
28.32551
28.56409
28.60668
28.65206
28.66704
28.79665
28.86925
29.02283
28.99436
28.97858
29.14499
29.28024
29.22953
29.32881
29.32043
29.45839
29.53022
29.53805