1
1.5
1.8333333333333333
2.083333333333333
2.283333333333333
2.4499999999999997
2.5928571428571425
2.7178571428571425
2.8289682539682537
2.9289682539682538
3.0198773448773446
3.103210678210678
3.180133755133755
3.251562326562327
3.3182289932289937
3.3807289932289937
3.439552522640758
3.4951080781963135
3.547739657143682
3.597739657143682
3.6453587047627294
3.690813250217275
3.73429151108684
3.7759581777535067
3.8159581777535068
3.854419716215045
3.8914567532520823
3.927171038966368
3.9616537975870574
3.9949871309203906
4.02724519543652
4.05849519543652
4.08879822573955
4.118209990445433
4.146781419016861
4.174559196794639
4.201586223821666
4.22790201329535
4.2535430389363755
4.278543038936376
4.302933282838815
4.326742806648339
4.349998620601827
4.3727258933290996
4.394948115551322
4.416687245986104
4.4379638417307845
4.4587971750641175
4.4792053383294235
4.499205338329423
4.518813181466678
4.538043950697447
4.556911875225749
4.575430393744267
4.593612211926086
4.611469354783229
4.6290132144323515
4.646254593742697
4.6632037462850695
4.679870412951736
4.696263855574687
4.712392887832752
4.7282659037057675
4.7438909037057675
4.759275519090383
4.774427034241898
4.789352407376227
4.804058289729168
4.818551043352357
4.832836757638071
4.846921264680325
4.860810153569214
4.8745087837062
4.888022297219713
4.901355630553047
4.914513525289889
4.927500538276902
4.940321051097415
4.9529792789455165
4.965479278945517
4.977824957957862
4.9900200799090815
5.002068272680166
5.013973034584928
5.025737740467281
5.037365647444025
5.048859900317588
5.0602235366812245
5.0714594917374045
5.082570602848516
5.0935596138375265
5.104429179054918
5.115181867226961
5.125820165099301
5.136346480888775
5.146763147555442
5.157072425905957
5.1672765075386105
5.177377517639621
5.187377517639621