69.87149027665711 
71.01628011653402 
63.663611421814096
56.76697646602261
51.4828933612123
47.105830017018135
44.07800705807361
41.76635382892492
39.52793427246219
37.5438244716633
35.9766357032006
34.171890075889536
32.96505388926265
31.731676370080265
30.789882884649735
30.014173057794324
29.407259492472484
28.79318704066835
28.271999647044115
27.571718398010603
26.983085877945882
26.53758404527415
26.10362376436646
25.649808726697955
25.257083218389404
24.884252990470532
24.606022845822096
24.41683423690762
24.2091109833336
24.01675022093115
23.820988131409738
23.652294528579745
23.49034017458677
23.350125083005125
23.196046163508463
23.06941352847661
22.957237256547693
22.83169853408213
22.71536211897834
22.624920106004065 
22.53328778121447 
22.47894631750382 
22.426295717967367 
22.359288374802077 
22.290240474539463 
22.234518277522433 
22.192348757578557 
22.166591313377836 
22.123753260162026 
22.07788751124731 
22.041529092970908 
21.99927007770534 
21.944528024303356 
21.9001655575957 
21.847102264134808 
21.825479109108837 
21.804330383591388 
21.79305079094903 
21.782507701984514 
21.764640921845597 
21.761234325594778 
21.767590596735303 
21.774919867166624 
21.767978557899948 
21.76009758915899 
21.75927315725779 
21.758252391697923 
21.754891393374827 
21.757881536239815 
21.76448301735038 
21.769361277427915 
21.76640545737763 
21.763510997712466 
21.76285611650131 
21.76426998058673 
21.778431050073515 
21.793368584245236 
21.8112130014129 
21.788476425768962 
21.813730733527684 
21.842887180108992 
21.8723133619567 
21.90281192115347 
21.927925715925788
21.952241334200348 
21.98661461991379 
22.01069039682647 
22.03404798879282 
22.06226221342868 
22.090053218417253 
22.115700186469944 
22.142461788503212 
22.16427241186763 
22.194189545877187 
22.216883023580518 
22.235595125900378 
22.26276935129118 
22.272870361392254